watermelon	watermelon	100.000	379236	0	0	1	379236	1	379236	0.0	7.003e+05
watermelon	watermelon	100.000	7286	0	0	234336	241621	50127	42842	0.0	13455
watermelon	watermelon	100.000	7286	0	0	42842	50127	241621	234336	0.0	13455
watermelon	watermelon	99.726	365	1	0	352511	352875	73422	73786	0.0	669
watermelon	watermelon	99.726	365	1	0	73422	73786	352511	352875	0.0	669
watermelon	watermelon	98.338	361	6	0	184487	184847	22368	22008	1.41e-180	634
watermelon	watermelon	98.077	364	7	0	22008	22371	184847	184484	1.41e-180	634
watermelon	watermelon	99.698	331	1	0	376478	376808	32629	32959	3.06e-172	606
watermelon	watermelon	99.698	331	1	0	32629	32959	376478	376808	3.06e-172	606
watermelon	watermelon	100.000	256	0	0	136558	136813	126207	125952	3.24e-132	473
watermelon	watermelon	99.614	259	1	0	125952	126210	136813	136555	3.24e-132	473
watermelon	watermelon	100.000	183	0	0	270837	271019	36985	36803	1.23e-91	339
watermelon	watermelon	100.000	183	0	0	36803	36985	271019	270837	1.23e-91	339
watermelon	watermelon	99.441	179	1	0	326455	326633	110906	111084	9.61e-88	326
watermelon	watermelon	99.441	179	1	0	110906	111084	326455	326633	9.61e-88	326
watermelon	watermelon	98.810	168	2	0	223369	223536	88977	88810	5.82e-80	300
watermelon	watermelon	95.337	193	2	2	331377	331569	90861	90676	5.82e-80	300
watermelon	watermelon	98.810	168	2	0	88810	88977	223536	223369	5.82e-80	300
watermelon	watermelon	95.337	193	2	2	90676	90861	331569	331377	5.82e-80	300
watermelon	watermelon	93.596	203	8	1	274064	274266	242753	242950	2.09e-79	298
watermelon	watermelon	93.596	203	8	1	242753	242950	274064	274266	2.09e-79	298
watermelon	watermelon	100.000	147	0	0	43507	43653	43432	43578	1.27e-71	272
watermelon	watermelon	100.000	147	0	0	240810	240956	43578	43432	1.27e-71	272
watermelon	watermelon	100.000	147	0	0	43432	43578	43507	43653	1.27e-71	272
watermelon	watermelon	100.000	147	0	0	240885	241031	43653	43507	1.27e-71	272
watermelon	watermelon	100.000	147	0	0	240885	241031	240810	240956	1.27e-71	272
watermelon	watermelon	100.000	147	0	0	43432	43578	240956	240810	1.27e-71	272
watermelon	watermelon	100.000	147	0	0	240810	240956	240885	241031	1.27e-71	272
watermelon	watermelon	100.000	147	0	0	43507	43653	241031	240885	1.27e-71	272
watermelon	watermelon	99.324	148	1	0	233004	233151	44796	44943	1.64e-70	268
watermelon	watermelon	99.324	148	1	0	44796	44943	233004	233151	1.64e-70	268
watermelon	watermelon	99.324	148	1	0	239520	239667	233151	233004	1.64e-70	268
watermelon	watermelon	100.000	145	0	0	233007	233151	239664	239520	1.64e-70	268
watermelon	watermelon	100.000	138	0	0	375042	375179	104894	105031	1.28e-66	255
watermelon	watermelon	100.000	138	0	0	104894	105031	375042	375179	1.28e-66	255
watermelon	watermelon	100.000	134	0	0	186539	186672	33833	33966	2.14e-64	248
watermelon	watermelon	100.000	134	0	0	33833	33966	186539	186672	2.14e-64	248
watermelon	watermelon	98.400	125	2	0	330245	330369	309110	308986	4.66e-56	220
watermelon	watermelon	98.400	125	2	0	308986	309110	330369	330245	4.66e-56	220
watermelon	watermelon	99.167	120	1	0	335199	335318	44065	43946	6.03e-55	217
watermelon	watermelon	99.167	120	1	0	335199	335318	240398	240517	6.03e-55	217
watermelon	watermelon	99.167	120	1	0	240398	240517	335199	335318	6.03e-55	217
watermelon	watermelon	99.167	120	1	0	43946	44065	335318	335199	6.03e-55	217
watermelon	watermelon	100.000	109	0	0	366720	366828	112281	112173	1.69e-50	202
watermelon	watermelon	97.458	118	3	0	112173	112290	366828	366711	1.69e-50	202
watermelon	watermelon	99.083	109	1	0	366552	366660	49507	49399	7.86e-49	196
watermelon	watermelon	99.083	109	1	0	366552	366660	234956	235064	7.86e-49	196
watermelon	watermelon	99.083	109	1	0	234956	235064	366552	366660	7.86e-49	196
watermelon	watermelon	99.083	109	1	0	49399	49507	366660	366552	7.86e-49	196
watermelon	watermelon	100.000	98	0	0	58785	58882	58727	58824	2.20e-44	182
watermelon	watermelon	100.000	98	0	0	58727	58824	58785	58882	2.20e-44	182
watermelon	watermelon	100.000	92	0	0	206676	206767	177913	178004	4.76e-41	171
watermelon	watermelon	100.000	92	0	0	177913	178004	206676	206767	4.76e-41	171
watermelon	watermelon	92.982	114	8	0	221887	222000	58866	58753	6.16e-40	167
watermelon	watermelon	91.057	123	11	0	58753	58875	222000	221878	6.16e-40	167
watermelon	watermelon	92.793	111	8	0	221887	221997	58837	58727	2.87e-38	161
watermelon	watermelon	90.833	120	11	0	58727	58846	221997	221878	2.87e-38	161
watermelon	watermelon	98.876	89	1	0	274234	274322	207393	207481	1.03e-37	159
watermelon	watermelon	98.876	89	1	0	207393	207481	274234	274322	1.03e-37	159
watermelon	watermelon	98.837	86	1	0	338762	338847	184003	184088	4.80e-36	154
watermelon	watermelon	98.837	86	1	0	184003	184088	338762	338847	4.80e-36	154
watermelon	watermelon	95.604	91	2	2	322694	322783	131307	131218	2.89e-33	145
watermelon	watermelon	94.681	94	3	2	131218	131310	322783	322691	2.89e-33	145
watermelon	watermelon	92.079	101	8	0	221900	222000	58882	58782	1.04e-32	143
watermelon	watermelon	92.079	101	8	0	58782	58882	222000	221900	1.04e-32	143
watermelon	watermelon	84.564	149	11	2	109437	109573	42165	42017	4.83e-31	137
watermelon	watermelon	86.154	130	14	3	70033	70161	42974	43100	4.83e-31	137
watermelon	watermelon	86.154	130	14	3	42974	43100	70033	70161	4.83e-31	137
watermelon	watermelon	86.154	130	14	3	241363	241489	70161	70033	4.83e-31	137
watermelon	watermelon	84.564	149	11	2	42017	42165	109573	109437	4.83e-31	137
watermelon	watermelon	86.154	130	14	3	70033	70161	241489	241363	4.83e-31	137
watermelon	watermelon	100.000	72	0	0	43582	43653	43432	43503	6.25e-30	134
watermelon	watermelon	100.000	72	0	0	240810	240881	43503	43432	6.25e-30	134
watermelon	watermelon	100.000	72	0	0	43432	43503	43582	43653	6.25e-30	134
watermelon	watermelon	100.000	72	0	0	240960	241031	43653	43582	6.25e-30	134
watermelon	watermelon	100.000	72	0	0	199893	199964	90289	90218	6.25e-30	134
watermelon	watermelon	100.000	72	0	0	90218	90289	199964	199893	6.25e-30	134
watermelon	watermelon	100.000	72	0	0	240960	241031	240810	240881	6.25e-30	134
watermelon	watermelon	100.000	72	0	0	43432	43503	240881	240810	6.25e-30	134
watermelon	watermelon	100.000	72	0	0	240810	240881	240960	241031	6.25e-30	134
watermelon	watermelon	100.000	72	0	0	43582	43653	241031	240960	6.25e-30	134
watermelon	watermelon	95.181	83	4	0	221887	221969	58808	58726	2.25e-29	132
watermelon	watermelon	100.000	71	0	0	221100	221170	132912	132982	2.25e-29	132
watermelon	watermelon	100.000	71	0	0	132912	132982	221100	221170	2.25e-29	132
watermelon	watermelon	92.391	92	7	0	58726	58817	221969	221878	2.25e-29	132
watermelon	watermelon	96.203	79	3	0	88544	88622	42977	42899	8.09e-29	130
watermelon	watermelon	95.122	82	4	0	241483	241564	88541	88622	8.09e-29	130
watermelon	watermelon	95.122	82	4	0	42899	42980	88622	88541	8.09e-29	130
watermelon	watermelon	92.308	91	7	0	221907	221997	221878	221968	8.09e-29	130
watermelon	watermelon	92.308	91	7	0	221878	221968	221907	221997	8.09e-29	130
watermelon	watermelon	95.122	82	4	0	88541	88622	241483	241564	8.09e-29	130
watermelon	watermelon	100.000	69	0	0	58814	58882	58727	58795	2.91e-28	128
watermelon	watermelon	100.000	69	0	0	58727	58795	58814	58882	2.91e-28	128
watermelon	watermelon	98.592	71	1	0	90216	90286	31342	31272	1.05e-27	126
watermelon	watermelon	98.592	71	1	0	31272	31342	90286	90216	1.05e-27	126
watermelon	watermelon	96.104	77	3	0	274065	274141	110190	110266	1.05e-27	126
watermelon	watermelon	96.104	77	3	0	110190	110266	274065	274141	1.05e-27	126
watermelon	watermelon	94.937	79	4	0	50757	50835	5422	5344	3.76e-27	124
watermelon	watermelon	94.937	79	4	0	5344	5422	50835	50757	3.76e-27	124
watermelon	watermelon	98.551	69	1	0	199896	199964	31272	31340	1.35e-26	122
watermelon	watermelon	98.551	69	1	0	31272	31340	199896	199964	1.35e-26	122
watermelon	watermelon	100.000	66	0	0	366658	366723	254920	254855	1.35e-26	122
watermelon	watermelon	100.000	66	0	0	254855	254920	366723	366658	1.35e-26	122
watermelon	watermelon	95.588	68	3	0	279199	279266	186345	186278	1.05e-22	110
watermelon	watermelon	95.588	68	3	0	186278	186345	279266	279199	1.05e-22	110
watermelon	watermelon	94.203	69	4	0	330714	330782	189058	188990	1.36e-21	106
watermelon	watermelon	95.455	66	3	0	188993	189058	330779	330714	1.36e-21	106
watermelon	watermelon	96.825	63	1	1	178777	178839	31267	31206	4.90e-21	104
watermelon	watermelon	96.825	63	1	1	31206	31267	178839	178777	4.90e-21	104
watermelon	watermelon	96.667	60	2	0	343907	343966	32631	32690	6.34e-20	100
watermelon	watermelon	100.000	54	0	0	221887	221940	58779	58726	6.34e-20	100
watermelon	watermelon	91.667	72	6	0	287080	287151	180445	180516	6.34e-20	100
watermelon	watermelon	96.667	60	2	0	221869	221928	199971	199912	6.34e-20	100
watermelon	watermelon	96.667	60	2	0	199912	199971	221928	221869	6.34e-20	100
watermelon	watermelon	95.238	63	3	0	58726	58788	221940	221878	6.34e-20	100
watermelon	watermelon	91.667	72	6	0	180445	180516	287080	287151	6.34e-20	100
watermelon	watermelon	96.667	60	2	0	32631	32690	343907	343966	6.34e-20	100
watermelon	watermelon	96.667	60	2	0	376480	376539	343907	343966	6.34e-20	100
watermelon	watermelon	96.667	60	2	0	343907	343966	376480	376539	6.34e-20	100
watermelon	watermelon	100.000	52	0	0	155742	155793	21250	21199	8.20e-19	97.1
watermelon	watermelon	98.182	55	1	0	21199	21253	155793	155739	8.20e-19	97.1
watermelon	watermelon	100.000	51	0	0	335148	335198	186019	185969	2.95e-18	95.3
watermelon	watermelon	100.000	51	0	0	185969	186019	335198	335148	2.95e-18	95.3
watermelon	watermelon	96.429	56	2	0	109658	109713	1239	1294	1.06e-17	93.5
watermelon	watermelon	98.113	53	1	0	221876	221928	31340	31288	1.06e-17	93.5
watermelon	watermelon	98.113	53	1	0	221876	221928	90218	90270	1.06e-17	93.5
watermelon	watermelon	96.429	56	2	0	1239	1294	109658	109713	1.06e-17	93.5
watermelon	watermelon	98.113	53	1	0	90218	90270	221876	221928	1.06e-17	93.5
watermelon	watermelon	98.113	53	1	0	31288	31340	221928	221876	1.06e-17	93.5
watermelon	watermelon	94.828	58	3	0	243047	243104	185912	185855	3.82e-17	91.6
watermelon	watermelon	94.915	59	1	2	242540	242597	206619	206676	3.82e-17	91.6
watermelon	watermelon	94.915	59	1	2	206619	206676	242540	242597	3.82e-17	91.6
watermelon	watermelon	94.828	58	3	0	185855	185912	243104	243047	3.82e-17	91.6
watermelon	watermelon	100.000	49	0	0	337238	337286	333536	333584	3.82e-17	91.6
watermelon	watermelon	100.000	49	0	0	333536	333584	337238	337286	3.82e-17	91.6
watermelon	watermelon	91.935	62	5	0	221936	221997	221878	221939	4.94e-16	87.9
watermelon	watermelon	91.935	62	5	0	221878	221939	221936	221997	4.94e-16	87.9
watermelon	watermelon	100.000	46	0	0	138351	138396	33850	33805	1.78e-15	86.1
watermelon	watermelon	100.000	46	0	0	33805	33850	138396	138351	1.78e-15	86.1
watermelon	watermelon	93.220	59	3	1	223719	223777	154856	154913	1.78e-15	86.1
watermelon	watermelon	93.220	59	3	1	154856	154913	223719	223777	1.78e-15	86.1
watermelon	watermelon	100.000	45	0	0	357936	357980	58721	58765	6.38e-15	84.2
watermelon	watermelon	100.000	45	0	0	58721	58765	357936	357980	6.38e-15	84.2
watermelon	watermelon	100.000	44	0	0	79337	79380	44763	44806	2.30e-14	82.4
watermelon	watermelon	100.000	44	0	0	44763	44806	79337	79380	2.30e-14	82.4
watermelon	watermelon	100.000	44	0	0	239657	239700	79380	79337	2.30e-14	82.4
watermelon	watermelon	96.078	51	1	1	223535	223585	113959	114008	2.30e-14	82.4
watermelon	watermelon	96.078	51	1	1	113959	114008	223535	223585	2.30e-14	82.4
watermelon	watermelon	100.000	44	0	0	79337	79380	239700	239657	2.30e-14	82.4
watermelon	watermelon	91.228	57	5	0	155754	155810	20655	20711	2.97e-13	78.7
watermelon	watermelon	100.000	42	0	0	165267	165308	58385	58426	2.97e-13	78.7
watermelon	watermelon	91.228	57	5	0	20655	20711	155754	155810	2.97e-13	78.7
watermelon	watermelon	100.000	42	0	0	58385	58426	165267	165308	2.97e-13	78.7
watermelon	watermelon	100.000	42	0	0	279161	279202	182378	182337	2.97e-13	78.7
watermelon	watermelon	100.000	42	0	0	182337	182378	279202	279161	2.97e-13	78.7
watermelon	watermelon	91.228	57	4	1	58738	58794	31288	31343	1.07e-12	76.8
watermelon	watermelon	91.228	57	4	1	58767	58823	31288	31343	1.07e-12	76.8
watermelon	watermelon	91.228	57	4	1	58796	58852	31288	31343	1.07e-12	76.8
watermelon	watermelon	91.228	57	4	1	58825	58881	31288	31343	1.07e-12	76.8
watermelon	watermelon	90.000	60	4	2	90213	90270	58797	58738	1.07e-12	76.8
watermelon	watermelon	91.228	57	4	1	31288	31343	58738	58794	1.07e-12	76.8
watermelon	watermelon	90.000	60	4	2	90213	90270	58826	58767	1.07e-12	76.8
watermelon	watermelon	91.228	57	4	1	31288	31343	58767	58823	1.07e-12	76.8
watermelon	watermelon	90.000	60	4	2	90213	90270	58855	58796	1.07e-12	76.8
watermelon	watermelon	91.228	57	4	1	31288	31343	58796	58852	1.07e-12	76.8
watermelon	watermelon	91.228	57	4	1	31288	31343	58825	58881	1.07e-12	76.8
watermelon	watermelon	90.000	60	4	2	58796	58855	90270	90213	1.07e-12	76.8
watermelon	watermelon	90.000	60	4	2	58767	58826	90270	90213	1.07e-12	76.8
watermelon	watermelon	90.000	60	4	2	58738	58797	90270	90213	1.07e-12	76.8
watermelon	watermelon	94.118	51	1	2	366045	366094	147926	147975	1.07e-12	76.8
watermelon	watermelon	100.000	41	0	0	287098	287138	279163	279203	1.07e-12	76.8
watermelon	watermelon	100.000	41	0	0	279163	279203	287098	287138	1.07e-12	76.8
watermelon	watermelon	94.118	51	1	2	147926	147974	366045	366095	1.07e-12	76.8
watermelon	watermelon	100.000	40	0	0	21199	21238	20694	20655	3.84e-12	75.0
watermelon	watermelon	100.000	40	0	0	20655	20694	21238	21199	3.84e-12	75.0
watermelon	watermelon	100.000	40	0	0	58843	58882	58727	58766	3.84e-12	75.0
watermelon	watermelon	91.071	56	4	1	90216	90270	58880	58825	3.84e-12	75.0
watermelon	watermelon	100.000	40	0	0	58727	58766	58843	58882	3.84e-12	75.0
watermelon	watermelon	91.071	56	4	1	58825	58880	90270	90216	3.84e-12	75.0
watermelon	watermelon	100.000	40	0	0	221905	221944	132662	132701	3.84e-12	75.0
watermelon	watermelon	100.000	40	0	0	178366	178405	178405	178366	3.84e-12	75.0
watermelon	watermelon	100.000	40	0	0	287098	287137	182376	182337	3.84e-12	75.0
watermelon	watermelon	100.000	40	0	0	357941	357980	221940	221901	3.84e-12	75.0
watermelon	watermelon	100.000	40	0	0	132662	132701	221905	221944	3.84e-12	75.0
watermelon	watermelon	100.000	40	0	0	316689	316728	233235	233274	3.84e-12	75.0
watermelon	watermelon	95.652	46	2	0	289376	289421	279204	279159	3.84e-12	75.0
watermelon	watermelon	100.000	40	0	0	182337	182376	287137	287098	3.84e-12	75.0
watermelon	watermelon	100.000	40	0	0	279165	279204	289415	289376	3.84e-12	75.0
watermelon	watermelon	100.000	40	0	0	233235	233274	316689	316728	3.84e-12	75.0
watermelon	watermelon	100.000	40	0	0	221901	221940	357980	357941	3.84e-12	75.0
watermelon	watermelon	100.000	39	0	0	287102	287140	31342	31304	1.38e-11	73.1
watermelon	watermelon	100.000	39	0	0	288306	288344	48241	48279	1.38e-11	73.1
watermelon	watermelon	97.619	42	1	0	199912	199953	58738	58779	1.38e-11	73.1
watermelon	watermelon	100.000	39	0	0	357942	357980	58756	58794	1.38e-11	73.1
watermelon	watermelon	97.619	42	1	0	199912	199953	58767	58808	1.38e-11	73.1
watermelon	watermelon	100.000	39	0	0	357942	357980	58785	58823	1.38e-11	73.1
watermelon	watermelon	97.619	42	1	0	199912	199953	58796	58837	1.38e-11	73.1
watermelon	watermelon	100.000	39	0	0	357942	357980	58814	58852	1.38e-11	73.1
watermelon	watermelon	97.619	42	1	0	199912	199953	58825	58866	1.38e-11	73.1
watermelon	watermelon	100.000	39	0	0	357942	357980	58843	58881	1.38e-11	73.1
watermelon	watermelon	97.619	42	1	0	287099	287140	90213	90254	1.38e-11	73.1
watermelon	watermelon	97.619	42	1	0	58738	58779	199912	199953	1.38e-11	73.1
watermelon	watermelon	97.619	42	1	0	58767	58808	199912	199953	1.38e-11	73.1
watermelon	watermelon	97.619	42	1	0	58796	58837	199912	199953	1.38e-11	73.1
watermelon	watermelon	97.619	42	1	0	58825	58866	199912	199953	1.38e-11	73.1
watermelon	watermelon	100.000	39	0	0	288306	288344	236222	236184	1.38e-11	73.1
watermelon	watermelon	97.619	42	1	0	90213	90254	287099	287140	1.38e-11	73.1
watermelon	watermelon	100.000	39	0	0	289377	289415	287138	287100	1.38e-11	73.1
watermelon	watermelon	100.000	39	0	0	31304	31342	287140	287102	1.38e-11	73.1
watermelon	watermelon	97.619	42	1	0	329533	329574	287409	287450	1.38e-11	73.1
watermelon	watermelon	100.000	39	0	0	48241	48279	288306	288344	1.38e-11	73.1
watermelon	watermelon	100.000	39	0	0	236184	236222	288344	288306	1.38e-11	73.1
watermelon	watermelon	100.000	39	0	0	287100	287138	289415	289377	1.38e-11	73.1
watermelon	watermelon	97.619	42	1	0	287409	287450	329533	329574	1.38e-11	73.1
watermelon	watermelon	100.000	39	0	0	58756	58794	357942	357980	1.38e-11	73.1
watermelon	watermelon	100.000	39	0	0	58785	58823	357942	357980	1.38e-11	73.1
watermelon	watermelon	100.000	39	0	0	58814	58852	357942	357980	1.38e-11	73.1
watermelon	watermelon	100.000	39	0	0	58843	58881	357942	357980	1.38e-11	73.1
watermelon	watermelon	100.000	38	0	0	378562	378599	52508	52545	4.97e-11	71.3
watermelon	watermelon	97.619	42	0	1	99043	99084	58794	58754	4.97e-11	71.3
watermelon	watermelon	97.619	42	0	1	99043	99084	58823	58783	4.97e-11	71.3
watermelon	watermelon	97.619	42	0	1	99043	99084	58852	58812	4.97e-11	71.3
watermelon	watermelon	97.619	42	0	1	99043	99084	58881	58841	4.97e-11	71.3
watermelon	watermelon	97.619	42	0	1	58841	58881	99084	99043	4.97e-11	71.3
watermelon	watermelon	97.619	42	0	1	58812	58852	99084	99043	4.97e-11	71.3
watermelon	watermelon	97.619	42	0	1	58783	58823	99084	99043	4.97e-11	71.3
watermelon	watermelon	97.619	42	0	1	58754	58794	99084	99043	4.97e-11	71.3
watermelon	watermelon	97.619	42	0	1	107739	107780	107695	107735	4.97e-11	71.3
watermelon	watermelon	97.619	42	0	1	107695	107735	107739	107780	4.97e-11	71.3
watermelon	watermelon	100.000	38	0	0	289378	289415	182337	182374	4.97e-11	71.3
watermelon	watermelon	100.000	38	0	0	182337	182374	289378	289415	4.97e-11	71.3
watermelon	watermelon	100.000	38	0	0	347835	347872	346562	346525	4.97e-11	71.3
watermelon	watermelon	100.000	38	0	0	346525	346562	347872	347835	4.97e-11	71.3
watermelon	watermelon	100.000	38	0	0	52508	52545	378562	378599	4.97e-11	71.3
watermelon	watermelon	100.000	37	0	0	279167	279203	31342	31306	1.79e-10	69.4
watermelon	watermelon	100.000	37	0	0	289377	289413	31306	31342	1.79e-10	69.4
watermelon	watermelon	95.455	44	1	1	279160	279203	90210	90252	1.79e-10	69.4
watermelon	watermelon	100.000	37	0	0	289377	289413	90252	90216	1.79e-10	69.4
watermelon	watermelon	97.500	40	1	0	186867	186906	91803	91842	1.79e-10	69.4
watermelon	watermelon	97.500	40	1	0	96634	96673	96595	96634	1.79e-10	69.4
watermelon	watermelon	97.500	40	1	0	96595	96634	96634	96673	1.79e-10	69.4
watermelon	watermelon	100.000	37	0	0	347836	347872	99084	99048	1.79e-10	69.4
watermelon	watermelon	100.000	37	0	0	346525	346561	99048	99084	1.79e-10	69.4
watermelon	watermelon	97.500	40	1	0	306925	306964	101975	101936	1.79e-10	69.4
watermelon	watermelon	97.500	40	1	0	91803	91842	186867	186906	1.79e-10	69.4
watermelon	watermelon	100.000	37	0	0	287104	287140	199964	199928	1.79e-10	69.4
watermelon	watermelon	100.000	37	0	0	273977	274013	220699	220735	1.79e-10	69.4
watermelon	watermelon	100.000	37	0	0	287104	287140	221876	221912	1.79e-10	69.4
watermelon	watermelon	95.349	43	2	0	346526	346568	221906	221948	1.79e-10	69.4
watermelon	watermelon	100.000	37	0	0	220699	220735	273977	274013	1.79e-10	69.4
watermelon	watermelon	95.455	44	1	1	90210	90252	279160	279203	1.79e-10	69.4
watermelon	watermelon	100.000	37	0	0	31306	31342	279203	279167	1.79e-10	69.4
watermelon	watermelon	100.000	37	0	0	199928	199964	287140	287104	1.79e-10	69.4
watermelon	watermelon	100.000	37	0	0	221876	221912	287104	287140	1.79e-10	69.4
watermelon	watermelon	100.000	37	0	0	31306	31342	289377	289413	1.79e-10	69.4
watermelon	watermelon	100.000	37	0	0	90216	90252	289413	289377	1.79e-10	69.4
watermelon	watermelon	97.500	40	1	0	101936	101975	306964	306925	1.79e-10	69.4
watermelon	watermelon	100.000	37	0	0	99048	99084	346525	346561	1.79e-10	69.4
watermelon	watermelon	95.349	43	2	0	221906	221948	346526	346568	1.79e-10	69.4
watermelon	watermelon	100.000	37	0	0	99048	99084	347872	347836	1.79e-10	69.4
watermelon	watermelon	100.000	36	0	0	182337	182372	31307	31342	6.43e-10	67.6
watermelon	watermelon	100.000	36	0	0	132662	132697	58761	58726	6.43e-10	67.6
watermelon	watermelon	97.500	40	0	1	99043	99082	58765	58727	6.43e-10	67.6
watermelon	watermelon	100.000	36	0	0	346526	346561	58789	58754	6.43e-10	67.6
watermelon	watermelon	100.000	36	0	0	347836	347871	58754	58789	6.43e-10	67.6
watermelon	watermelon	100.000	36	0	0	346526	346561	58818	58783	6.43e-10	67.6
watermelon	watermelon	100.000	36	0	0	347836	347871	58783	58818	6.43e-10	67.6
watermelon	watermelon	100.000	36	0	0	346526	346561	58847	58812	6.43e-10	67.6
watermelon	watermelon	100.000	36	0	0	347836	347871	58812	58847	6.43e-10	67.6
watermelon	watermelon	100.000	36	0	0	346526	346561	58876	58841	6.43e-10	67.6
watermelon	watermelon	100.000	36	0	0	347836	347871	58841	58876	6.43e-10	67.6
watermelon	watermelon	97.436	39	1	0	182337	182375	90251	90213	6.43e-10	67.6
watermelon	watermelon	97.500	40	0	1	357942	357980	99082	99043	6.43e-10	67.6
watermelon	watermelon	97.500	40	0	1	221901	221939	99043	99082	6.43e-10	67.6
watermelon	watermelon	97.500	40	0	1	58727	58765	99082	99043	6.43e-10	67.6
watermelon	watermelon	100.000	36	0	0	114590	114625	114548	114583	6.43e-10	67.6
watermelon	watermelon	100.000	36	0	0	114548	114583	114590	114625	6.43e-10	67.6
watermelon	watermelon	100.000	36	0	0	357941	357976	132697	132662	6.43e-10	67.6
watermelon	watermelon	100.000	36	0	0	58726	58761	132697	132662	6.43e-10	67.6
watermelon	watermelon	100.000	36	0	0	31307	31342	182337	182372	6.43e-10	67.6
watermelon	watermelon	100.000	36	0	0	90216	90251	182372	182337	6.43e-10	67.6
watermelon	watermelon	97.436	39	1	0	221875	221913	195493	195455	6.43e-10	67.6
watermelon	watermelon	95.238	42	2	0	195455	195496	221913	221872	6.43e-10	67.6
watermelon	watermelon	97.500	40	0	1	99043	99082	221901	221939	6.43e-10	67.6
watermelon	watermelon	100.000	36	0	0	58841	58876	346561	346526	6.43e-10	67.6
watermelon	watermelon	100.000	36	0	0	58812	58847	346561	346526	6.43e-10	67.6
watermelon	watermelon	100.000	36	0	0	58783	58818	346561	346526	6.43e-10	67.6
watermelon	watermelon	100.000	36	0	0	58754	58789	346561	346526	6.43e-10	67.6
watermelon	watermelon	100.000	36	0	0	58754	58789	347836	347871	6.43e-10	67.6
watermelon	watermelon	100.000	36	0	0	58783	58818	347836	347871	6.43e-10	67.6
watermelon	watermelon	100.000	36	0	0	58812	58847	347836	347871	6.43e-10	67.6
watermelon	watermelon	100.000	36	0	0	58841	58876	347836	347871	6.43e-10	67.6
watermelon	watermelon	100.000	36	0	0	132662	132697	357976	357941	6.43e-10	67.6
watermelon	watermelon	97.500	40	0	1	99043	99082	357980	357942	6.43e-10	67.6
watermelon	watermelon	87.719	57	6	1	221930	221986	31343	31288	2.31e-09	65.8
watermelon	watermelon	95.238	42	1	1	221959	222000	31343	31303	2.31e-09	65.8
watermelon	watermelon	97.368	38	1	0	195455	195492	31303	31340	2.31e-09	65.8
watermelon	watermelon	95.238	42	1	1	52553	52594	51690	51730	2.31e-09	65.8
watermelon	watermelon	95.238	42	1	1	51690	51730	52553	52594	2.31e-09	65.8
watermelon	watermelon	100.000	35	0	0	132662	132696	58790	58756	2.31e-09	65.8
watermelon	watermelon	100.000	35	0	0	132662	132696	58819	58785	2.31e-09	65.8
watermelon	watermelon	100.000	35	0	0	132662	132696	58848	58814	2.31e-09	65.8
watermelon	watermelon	100.000	35	0	0	132662	132696	58877	58843	2.31e-09	65.8
watermelon	watermelon	86.667	60	6	2	221927	221986	90213	90270	2.31e-09	65.8
watermelon	watermelon	93.333	45	1	2	221956	222000	90213	90255	2.31e-09	65.8
watermelon	watermelon	97.368	38	1	0	195455	195492	90255	90218	2.31e-09	65.8
watermelon	watermelon	100.000	35	0	0	58843	58877	132696	132662	2.31e-09	65.8
watermelon	watermelon	100.000	35	0	0	58814	58848	132696	132662	2.31e-09	65.8
watermelon	watermelon	100.000	35	0	0	58785	58819	132696	132662	2.31e-09	65.8
watermelon	watermelon	100.000	35	0	0	58756	58790	132696	132662	2.31e-09	65.8
watermelon	watermelon	100.000	35	0	0	329858	329892	172510	172476	2.31e-09	65.8
watermelon	watermelon	97.368	38	1	0	31303	31340	195455	195492	2.31e-09	65.8
watermelon	watermelon	97.368	38	1	0	199927	199964	195455	195492	2.31e-09	65.8
watermelon	watermelon	97.368	38	1	0	90218	90255	195492	195455	2.31e-09	65.8
watermelon	watermelon	97.368	38	1	0	195455	195492	199927	199964	2.31e-09	65.8
watermelon	watermelon	100.000	35	0	0	279169	279203	199964	199930	2.31e-09	65.8
watermelon	watermelon	100.000	35	0	0	289377	289411	199930	199964	2.31e-09	65.8
watermelon	watermelon	100.000	35	0	0	289377	289411	221910	221876	2.31e-09	65.8
watermelon	watermelon	100.000	35	0	0	279169	279203	221876	221910	2.31e-09	65.8
watermelon	watermelon	86.667	60	6	2	90213	90270	221927	221986	2.31e-09	65.8
watermelon	watermelon	87.719	57	6	1	31288	31343	221986	221930	2.31e-09	65.8
watermelon	watermelon	93.333	45	1	2	90213	90255	221956	222000	2.31e-09	65.8
watermelon	watermelon	95.238	42	1	1	31303	31343	222000	221959	2.31e-09	65.8
watermelon	watermelon	100.000	35	0	0	199930	199964	279203	279169	2.31e-09	65.8
watermelon	watermelon	100.000	35	0	0	221876	221910	279169	279203	2.31e-09	65.8
watermelon	watermelon	100.000	35	0	0	221876	221910	289411	289377	2.31e-09	65.8
watermelon	watermelon	100.000	35	0	0	199930	199964	289377	289411	2.31e-09	65.8
watermelon	watermelon	100.000	35	0	0	172476	172510	329892	329858	2.31e-09	65.8
watermelon	watermelon	95.122	41	1	1	79665	79704	24713	24753	8.32e-09	63.9
watermelon	watermelon	100.000	34	0	0	346526	346559	58760	58727	8.32e-09	63.9
watermelon	watermelon	100.000	34	0	0	347838	347871	58727	58760	8.32e-09	63.9
watermelon	watermelon	95.122	41	1	1	24713	24753	79665	79704	8.32e-09	63.9
watermelon	watermelon	100.000	34	0	0	132663	132696	99049	99082	8.32e-09	63.9
watermelon	watermelon	97.297	37	1	0	347838	347874	132696	132660	8.32e-09	63.9
watermelon	watermelon	100.000	34	0	0	99049	99082	132663	132696	8.32e-09	63.9
watermelon	watermelon	100.000	34	0	0	346526	346559	132663	132696	8.32e-09	63.9
watermelon	watermelon	80.645	93	9	3	206543	206630	148108	148196	8.32e-09	63.9
watermelon	watermelon	97.297	37	1	0	347834	347870	180507	180471	8.32e-09	63.9
watermelon	watermelon	100.000	34	0	0	221876	221909	182370	182337	8.32e-09	63.9
watermelon	watermelon	100.000	34	0	0	199931	199964	182337	182370	8.32e-09	63.9
watermelon	watermelon	93.182	44	2	1	327390	327432	183380	183337	8.32e-09	63.9
watermelon	watermelon	95.000	40	2	0	287104	287143	195492	195453	8.32e-09	63.9
watermelon	watermelon	100.000	34	0	0	182337	182370	199931	199964	8.32e-09	63.9
watermelon	watermelon	80.645	93	9	3	148108	148196	206543	206630	8.32e-09	63.9
watermelon	watermelon	100.000	34	0	0	182337	182370	221909	221876	8.32e-09	63.9
watermelon	watermelon	100.000	34	0	0	347838	347871	221939	221906	8.32e-09	63.9
watermelon	watermelon	97.297	37	1	0	195456	195492	287140	287104	8.32e-09	63.9
watermelon	watermelon	93.182	44	2	1	183337	183380	327432	327390	8.32e-09	63.9
watermelon	watermelon	100.000	34	0	0	357942	357975	346559	346526	8.32e-09	63.9
watermelon	watermelon	100.000	34	0	0	132663	132696	346526	346559	8.32e-09	63.9
watermelon	watermelon	100.000	34	0	0	58727	58760	346559	346526	8.32e-09	63.9
watermelon	watermelon	97.297	37	1	0	180471	180507	347870	347834	8.32e-09	63.9
watermelon	watermelon	100.000	34	0	0	58727	58760	347838	347871	8.32e-09	63.9
watermelon	watermelon	100.000	34	0	0	221906	221939	347871	347838	8.32e-09	63.9
watermelon	watermelon	100.000	34	0	0	132663	132696	347871	347838	8.32e-09	63.9
watermelon	watermelon	100.000	34	0	0	357942	357975	347838	347871	8.32e-09	63.9
watermelon	watermelon	100.000	34	0	0	346526	346559	357975	357942	8.32e-09	63.9
watermelon	watermelon	100.000	34	0	0	347838	347871	357942	357975	8.32e-09	63.9
watermelon	watermelon	86.441	59	4	3	186848	186905	31632	31687	2.99e-08	62.1
watermelon	watermelon	100.000	33	0	0	272534	272566	42955	42923	2.99e-08	62.1
watermelon	watermelon	100.000	33	0	0	139517	139549	54976	54944	2.99e-08	62.1
watermelon	watermelon	97.297	37	0	1	180467	180502	58764	58728	2.99e-08	62.1
watermelon	watermelon	95.000	40	1	1	180467	180505	58793	58754	2.99e-08	62.1
watermelon	watermelon	95.000	40	1	1	180467	180505	58822	58783	2.99e-08	62.1
watermelon	watermelon	95.000	40	1	1	180467	180505	58851	58812	2.99e-08	62.1
watermelon	watermelon	95.000	40	1	1	180467	180505	58880	58841	2.99e-08	62.1
watermelon	watermelon	97.222	36	1	0	272531	272566	88563	88598	2.99e-08	62.1
watermelon	watermelon	95.000	40	1	1	180464	180502	99042	99081	2.99e-08	62.1
watermelon	watermelon	100.000	33	0	0	54944	54976	139549	139517	2.99e-08	62.1
watermelon	watermelon	97.222	36	1	0	277180	277215	173777	173812	2.99e-08	62.1
watermelon	watermelon	86.441	59	5	3	357943	358000	180502	180446	2.99e-08	62.1
watermelon	watermelon	95.000	40	1	1	99042	99081	180464	180502	2.99e-08	62.1
watermelon	watermelon	97.297	37	0	1	221902	221938	180467	180502	2.99e-08	62.1
watermelon	watermelon	97.297	37	0	1	58844	58880	180502	180467	2.99e-08	62.1
watermelon	watermelon	97.297	37	0	1	58815	58851	180502	180467	2.99e-08	62.1
watermelon	watermelon	97.297	37	0	1	58786	58822	180502	180467	2.99e-08	62.1
watermelon	watermelon	97.297	37	0	1	58757	58793	180502	180467	2.99e-08	62.1
watermelon	watermelon	97.297	37	0	1	58728	58764	180502	180467	2.99e-08	62.1
watermelon	watermelon	97.222	36	1	0	346527	346562	180471	180506	2.99e-08	62.1
watermelon	watermelon	86.441	59	4	3	31632	31687	186848	186905	2.99e-08	62.1
watermelon	watermelon	92.857	42	3	0	204726	204767	195625	195584	2.99e-08	62.1
watermelon	watermelon	88.235	51	6	0	221936	221986	199962	199912	2.99e-08	62.1
watermelon	watermelon	97.222	36	1	0	221965	222000	199962	199927	2.99e-08	62.1
watermelon	watermelon	100.000	33	0	0	280481	280513	202569	202601	2.99e-08	62.1
watermelon	watermelon	91.111	45	4	0	195584	195628	204767	204723	2.99e-08	62.1
watermelon	watermelon	100.000	33	0	0	217196	217228	216355	216323	2.99e-08	62.1
watermelon	watermelon	100.000	33	0	0	216323	216355	217228	217196	2.99e-08	62.1
watermelon	watermelon	100.000	33	0	0	359564	359596	219274	219242	2.99e-08	62.1
watermelon	watermelon	97.222	36	1	0	221965	222000	221878	221913	2.99e-08	62.1
watermelon	watermelon	97.297	37	0	1	180467	180502	221902	221938	2.99e-08	62.1
watermelon	watermelon	88.235	51	6	0	199912	199962	221986	221936	2.99e-08	62.1
watermelon	watermelon	95.000	40	1	1	287102	287140	221960	221999	2.99e-08	62.1
watermelon	watermelon	97.222	36	1	0	199927	199962	222000	221965	2.99e-08	62.1
watermelon	watermelon	97.222	36	1	0	221878	221913	221965	222000	2.99e-08	62.1
watermelon	watermelon	97.222	36	1	0	272531	272566	241505	241540	2.99e-08	62.1
watermelon	watermelon	97.222	36	1	0	88563	88598	272531	272566	2.99e-08	62.1
watermelon	watermelon	97.222	36	1	0	241505	241540	272531	272566	2.99e-08	62.1
watermelon	watermelon	97.222	36	1	0	42923	42958	272566	272531	2.99e-08	62.1
watermelon	watermelon	97.222	36	1	0	173777	173812	277180	277215	2.99e-08	62.1
watermelon	watermelon	100.000	33	0	0	202569	202601	280481	280513	2.99e-08	62.1
watermelon	watermelon	95.000	40	1	1	221960	221999	287102	287140	2.99e-08	62.1
watermelon	watermelon	97.222	36	1	0	180471	180506	346527	346562	2.99e-08	62.1
watermelon	watermelon	97.297	37	0	1	180467	180502	357979	357943	2.99e-08	62.1
watermelon	watermelon	100.000	33	0	0	219242	219274	359596	359564	2.99e-08	62.1
watermelon	watermelon	94.872	39	1	1	312049	312086	21510	21472	1.08e-07	60.2
watermelon	watermelon	100.000	32	0	0	178747	178778	31367	31336	1.08e-07	60.2
watermelon	watermelon	100.000	32	0	0	227754	227785	90289	90258	1.08e-07	60.2
watermelon	watermelon	100.000	32	0	0	180471	180502	132664	132695	1.08e-07	60.2
watermelon	watermelon	100.000	32	0	0	307779	307810	150083	150052	1.08e-07	60.2
watermelon	watermelon	100.000	32	0	0	31336	31367	178778	178747	1.08e-07	60.2
watermelon	watermelon	100.000	32	0	0	132664	132695	180471	180502	1.08e-07	60.2
watermelon	watermelon	97.143	35	1	0	339604	339638	195490	195456	1.08e-07	60.2
watermelon	watermelon	97.143	35	1	0	279169	279203	195492	195458	1.08e-07	60.2
watermelon	watermelon	97.143	35	1	0	289377	289411	195458	195492	1.08e-07	60.2
watermelon	watermelon	100.000	32	0	0	227754	227785	199893	199924	1.08e-07	60.2
watermelon	watermelon	100.000	32	0	0	199893	199924	227754	227785	1.08e-07	60.2
watermelon	watermelon	100.000	32	0	0	90258	90289	227785	227754	1.08e-07	60.2
watermelon	watermelon	94.872	39	1	1	305891	305929	230918	230955	1.08e-07	60.2
watermelon	watermelon	97.143	35	1	0	195458	195492	279203	279169	1.08e-07	60.2
watermelon	watermelon	97.143	35	1	0	195458	195492	289377	289411	1.08e-07	60.2
watermelon	watermelon	94.872	39	1	1	230918	230955	305891	305929	1.08e-07	60.2
watermelon	watermelon	100.000	32	0	0	150052	150083	307810	307779	1.08e-07	60.2
watermelon	watermelon	94.872	39	1	1	21472	21510	312086	312049	1.08e-07	60.2
watermelon	watermelon	97.143	35	1	0	195456	195490	339638	339604	1.08e-07	60.2
watermelon	watermelon	92.500	40	3	0	227721	227760	17408	17369	3.87e-07	58.4
watermelon	watermelon	100.000	31	0	0	269082	269112	44537	44567	3.87e-07	58.4
watermelon	watermelon	97.059	34	1	0	332581	332614	171951	171918	3.87e-07	58.4
watermelon	watermelon	97.059	34	1	0	195459	195492	182337	182370	3.87e-07	58.4
watermelon	watermelon	97.059	34	1	0	182337	182370	195459	195492	3.87e-07	58.4
watermelon	watermelon	94.737	38	1	1	289377	289413	221968	221931	3.87e-07	58.4
watermelon	watermelon	94.737	38	1	1	279167	279203	221931	221968	3.87e-07	58.4
watermelon	watermelon	94.737	38	1	1	287102	287138	221931	221968	3.87e-07	58.4
watermelon	watermelon	94.737	38	1	1	289377	289413	221997	221960	3.87e-07	58.4
watermelon	watermelon	94.737	38	1	1	279167	279203	221960	221997	3.87e-07	58.4
watermelon	watermelon	92.500	40	3	0	17369	17408	227760	227721	3.87e-07	58.4
watermelon	watermelon	100.000	31	0	0	269082	269112	239926	239896	3.87e-07	58.4
watermelon	watermelon	100.000	31	0	0	44537	44567	269082	269112	3.87e-07	58.4
watermelon	watermelon	100.000	31	0	0	239896	239926	269112	269082	3.87e-07	58.4
watermelon	watermelon	94.737	38	1	1	221931	221968	279167	279203	3.87e-07	58.4
watermelon	watermelon	94.737	38	1	1	221960	221997	279167	279203	3.87e-07	58.4
watermelon	watermelon	94.737	38	1	1	221931	221968	287102	287138	3.87e-07	58.4
watermelon	watermelon	94.737	38	1	1	221960	221997	289413	289377	3.87e-07	58.4
watermelon	watermelon	94.737	38	1	1	221931	221968	289413	289377	3.87e-07	58.4
watermelon	watermelon	97.059	34	1	0	171918	171951	332614	332581	3.87e-07	58.4
watermelon	watermelon	96.970	33	1	0	53924	53956	52731	52699	1.39e-06	56.5
watermelon	watermelon	96.970	33	1	0	52699	52731	53956	53924	1.39e-06	56.5
watermelon	watermelon	100.000	30	0	0	10371	10400	121862	121891	1.39e-06	56.5
watermelon	watermelon	100.000	29	0	0	51737	51765	21992	21964	5.01e-06	54.7
watermelon	watermelon	100.000	29	0	0	168059	168087	24248	24220	5.01e-06	54.7
watermelon	watermelon	96.970	33	0	1	351682	351713	30831	30799	5.01e-06	54.7
watermelon	watermelon	96.970	33	0	1	91810	91841	31655	31687	5.01e-06	54.7
watermelon	watermelon	100.000	29	0	0	306751	306779	47930	47958	5.01e-06	54.7
watermelon	watermelon	100.000	29	0	0	21964	21992	51765	51737	5.01e-06	54.7
watermelon	watermelon	96.970	33	0	1	31655	31687	91810	91841	5.01e-06	54.7
watermelon	watermelon	100.000	29	0	0	221945	221973	132673	132701	5.01e-06	54.7
watermelon	watermelon	100.000	29	0	0	24220	24248	168087	168059	5.01e-06	54.7
watermelon	watermelon	100.000	29	0	0	132673	132701	221945	221973	5.01e-06	54.7
watermelon	watermelon	92.308	39	1	1	306751	306789	236533	236497	5.01e-06	54.7
watermelon	watermelon	100.000	29	0	0	47930	47958	306751	306779	5.01e-06	54.7
watermelon	watermelon	100.000	29	0	0	236505	236533	306779	306751	5.01e-06	54.7
watermelon	watermelon	96.970	33	0	1	30799	30831	351713	351682	5.01e-06	54.7
watermelon	watermelon	100.000	28	0	0	97059	97086	45815	45788	1.80e-05	52.8
watermelon	watermelon	100.000	28	0	0	238648	238675	97059	97086	1.80e-05	52.8
watermelon	watermelon	100.000	28	0	0	45788	45815	97086	97059	1.80e-05	52.8
watermelon	watermelon	100.000	28	0	0	253939	253966	203566	203539	1.80e-05	52.8
watermelon	watermelon	100.000	28	0	0	97059	97086	238648	238675	1.80e-05	52.8
watermelon	watermelon	100.000	28	0	0	203539	203566	253966	253939	1.80e-05	52.8
watermelon	watermelon	100.000	28	0	0	286315	286342	285254	285227	1.80e-05	52.8
watermelon	watermelon	100.000	28	0	0	285227	285254	286342	286315	1.80e-05	52.8
watermelon	watermelon	91.892	37	3	0	347834	347870	287142	287106	1.80e-05	52.8
watermelon	watermelon	100.000	28	0	0	287115	287142	347861	347834	1.80e-05	52.8
